10010010000001011000101110110011
11101011010111100111010101000001
10111101100111010000010001001001
00010111101011010001101110101000
11100101111101101001101111101101
11110110001000101111100100111001
11001010010001010011010101001001
01100111000000101110000000111100
00010101101011110101101110100101
00110001011001111111101011111000
01110001001011101110001011101010
10101111101010011001001011000011
00000000010111110010111110100011
01001110110110001110000100110101
00101111001111001010010001110110
01111100010000101000110001101110
01101010100100010101010010011000
11100111110110000101111011110011
01000111100011010101010010010100
11110000000111101011011001100011
11111110101101110000101111100000
00001001111110101000101010100001
01000000000101000101010111011101
00010011000110000100000010001011
11000101010101010010011001001000
11001011110000011110100010111110
10001000110010111101011010001011
00010110001110111101011011101011
00100011101101110011100000110101
11010000000001110101001011110110
00010001001010000010111001110101
00001011111100000000101110011001
01011101101000100110110010101100
10010110011100000111010100011111
01000010000011101010101010111010
10000100011000100001000011001111
00011011111011111111011110010010
10000011010110001110101000110010
10000101000011110011110010110100
01010110111101011010000011100010
01100010110010100100110110011111
11011110111000011111100101010001
01111110011110111010100110001111
00000110100000011101011110010001
01010100001110110010000100100011
00110010101000110000110100110100
00011111101110010001100010010001
01010111110111000010101100000011
00100101100011010001101100111101
11010101110001000010110100010000
11000111011001111000110101001110
10111000111000001110010001110001
01101110010111000111100001101001
11101101011101101010000110111101
01011011101000110100001110000000
11000001001011100010010010101100
00101001101111011000110101010011
11001101000101011101010101101011
11010001010111000100100110001101
01000001001011011111111100000100
01000000100001100100101000101000
01111100011101111010000101111101
00110111001001101000100001111000
11000011100110010010011100000001
01100001011010111000111110011011
00010100100101011111000101100110
10101110011100010111111011011110
11010101110001110111000001001100
10101110101101100110110101111101
01101111110110101001110011101011
11010000001000111010010000001111
01111010001001010110110110011010
10011111010101111110110000110000
00101010011000101001100001011000
00000010001011011000010110000110
11100001000110110101011110111111
11011001011001001100011011111101
01100100011010110101101111101101
01100010000111000011101111011100
10111000111111110101001100111110
11001001110011100001111011101001
01111001100101110011011001110111
01000011011011111011110011101100
11010101111110010011010111000100
11011111101010100101101010010100
01000100011110111111011111111010
00000010100100010000111110110100
00010010011011110000000101111010
01100111100011001011101010001000
00010010011000100111100110011000
01100111011111010000011100011010
11010011111110010111101111101010
10100001000011110000010101010100
01001000001100010010011100100110
11100111111001101000100001101101
11111101101110101100000101110101
00001001110000100000111100000000
01000010011010110011010110101110
00111110010000110011010110100100
11001000000010111010111000101010
10101111101010011001001011000011
00010101101011110101101110100101
01111100010000101000110001101110
01111100010000101000110001101110
01111100010000101000110001101111
10101111101010011001001011000011
11101011010111100111010101000001
11001010010001010011010101001001
11001010010001010011010101001001
11001010010001010011010101001010
11001010010001010011010101001011
10101111101010011001001011000011
11110000000111101011011001100011
11110000000111101011011001100011
01111100010000101000110001101110
01111100010000101000110001101110
01111100010000101000110001101111
01111100010000101000110001110000
11101011010111100111010101000001
10010010000001011000101110110011
11100111110110000101111011110011
00110001011001111111101011111000
00010111101011010001101110101000
00010111101011010001101110101000
00010111101011010001101110101001
00010111101011010001101110101010
10101111101010011001001011000011
11001010010001010011010101001001
11110110001000101111100100111001
00010101101011110101101110100101
01001110110110001110000100110101
10101111101010011001001011000011
00000000010111110010111110100011
10111101100111010000010001001001
01100111000000101110000000111100
11110110001000101111100100111001
11110000000111101011011001100011
01001110110110001110000100110101
00000000010111110010111110100011
00000000010111110010111110100011
00000000010111110010111110100100
00000000010111110010111110100101
11100101111101101001101111101101
01111100010000101000110001101110
11100111110110000101111011110011
11100111110110000101111011110011
11100111110110000101111011110100
11101011010111100111010101000001
11100101111101101001101111101101
11100111110110000101111011110011
11100101111101101001101111101101
11100101111101101001101111101101
11100101111101101001101111101110
11001010010001010011010101001001
11001010010001010011010101001001
11001010010001010011010101001010
11001010010001010011010101001011
11001010010001010011010101001100
11110000000111101011011001100011
11101011010111100111010101000001
01100111000000101110000000111100
11001010010001010011010101001001
01100111000000101110000000111100
01100111000000101110000000111100
01100111000000101110000000111101
01100111000000101110000000111110
01100111000000101110000000111111
11110110001000101111100100111001
11001010010001010011010101001001
01100111000000101110000000111100
00000000010111110010111110100011
00000000010111110010111110100011
00000000010111110010111110100100
00000000010111110010111110100101
01111100010000101000110001101110
11100101111101101001101111101101
10111101100111010000010001001001
10111101100111010000010001001001
10111101100111010000010001001010
10111101100111010000010001001011
11001010010001010011010101001001
00000000010111110010111110100011
00000000010111110010111110100011
00000000010111110010111110100100
00110001011001111111101011111000
01101010100100010101010010011000
01111100010000101000110001101110
10111101100111010000010001001001
01001110110110001110000100110101
11110000000111101011011001100011
01100111000000101110000000111100
11100101111101101001101111101101
11100101111101101001101111101101
11100101111101101001101111101110
11100101111101101001101111101101
01101010100100010101010010011000
01101010100100010101010010011000
01101010100100010101010010011001
01101010100100010101010010011010
01101010100100010101010010011011
11101011010111100111010101000001
11101011010111100111010101000001
11101011010111100111010101000010
11101011010111100111010101000011
00010101101011110101101110100101
11101011010111100111010101000001
01000111100011010101010010010100
00110001011001111111101011111000
00110001011001111111101011111000
00110001011001111111101011111001
00110001011001111111101011111010
01101010100100010101010010011000
11100111110110000101111011110011
10101111101010011001001011000011
10111101100111010000010001001001
00010101101011110101101110100101
11001010010001010011010101001001
11001010010001010011010101001001
11001010010001010011010101001010
11001010010001010011010101001011
11001010010001010011010101001100
10111101100111010000010001001001
10111101100111010000010001001001
10111101100111010000010001001010
10111101100111010000010001001011
01000111100011010101010010010100
10101111101010011001001011000011
11110000000111101011011001100011
10111101100111010000010001001001
10101111101010011001001011000011
11110110001000101111100100111001
11100101111101101001101111101101
11110000000111101011011001100011
11001010010001010011010101001001
11001010010001010011010101001001
11001010010001010011010101001010
10111101100111010000010001001001
10111101100111010000010001001001
10111101100111010000010001001010
10111101100111010000010001001011
01001110110110001110000100110101
00110001011001111111101011111000
11100111110110000101111011110011
01111100010000101000110001101110
11100101111101101001101111101101
00110001011001111111101011111000
00010111101011010001101110101000
11101011010111100111010101000001
11100101111101101001101111101101
11100101111101101001101111101101
11100101111101101001101111101110
00011011111011111111011110010010
01000000000101000101010111011101
01011101101000100110110010101100
00010001001010000010111001110101
00010110001110111101011011101011
11100111110110000101111011110011
11100111110110000101111011110011
11100111110110000101111011110100
11100111110110000101111011110101
11100111110110000101111011110110
00000000010111110010111110100011
10111101100111010000010001001001
10111101100111010000010001001001
10111101100111010000010001001010
00000000010111110010111110100011
00000000010111110010111110100011
00000000010111110010111110100100
00000000010111110010111110100101
00000000010111110010111110100110
01011101101000100110110010101100
00010011000110000100000010001011
00010011000110000100000010001011
00010011000110000100000010001100
00010011000110000100000010001101
00010011000110000100000010001110
00001011111100000000101110011001
11111110101101110000101111100000
11110000000111101011011001100011
11110000000111101011011001100011
11110000000111101011011001100100
10010110011100000111010100011111
00101111001111001010010001110110
11001010010001010011010101001001
11001010010001010011010101001001
11001010010001010011010101001010
00010111101011010001101110101000
00010111101011010001101110101000
00010111101011010001101110101001
00010111101011010001101110101010
10010110011100000111010100011111
00010110001110111101011011101011
11000101010101010010011001001000
11001011110000011110100010111110
00110001011001111111101011111000
00101111001111001010010001110110
11001010010001010011010101001001
11001010010001010011010101001001
11001010010001010011010101001010
11001010010001010011010101001011
01101010100100010101010010011000
01101010100100010101010010011000
01101010100100010101010010011001
00010111101011010001101110101000
10101111101010011001001011000011
10010110011100000111010100011111
10010110011100000111010100011111
10010110011100000111010100100000
10010110011100000111010100100001
01000010000011101010101010111010
10010110011100000111010100011111
10010010000001011000101110110011
10010110011100000111010100011111
01011101101000100110110010101100
00010001001010000010111001110101
00011011111011111111011110010010
11001011110000011110100010111110
10101111101010011001001011000011
01000111100011010101010010010100
11010000000001110101001011110110
11111110101101110000101111100000
01111100010000101000110001101110
01111100010000101000110001101110
01111100010000101000110001101111
01111100010000101000110001110000
01111100010000101000110001110001
00011011111011111111011110010010
10000100011000100001000011001111
11000101010101010010011001001000
00000000010111110010111110100011
00001001111110101000101010100001
10010010000001011000101110110011
01011101101000100110110010101100
00000000010111110010111110100011
00001011111100000000101110011001
10101111101010011001001011000011
10000011010110001110101000110010
00110001011001111111101011111000
11111110101101110000101111100000
11111110101101110000101111100000
11111110101101110000101111100001
10111101100111010000010001001001
01010110111101011010000011100010
11110000000111101011011001100011
00001011111100000000101110011001
11110000000111101011011001100011
00110001011001111111101011111000
00001011111100000000101110011001
00001001111110101000101010100001
01000000000101000101010111011101
11100111110110000101111011110011
10010010000001011000101110110011
00001001111110101000101010100001
11110110001000101111100100111001
11111110101101110000101111100000
01000010000011101010101010111010
01000010000011101010101010111010
01000010000011101010101010111011
10000101000011110011110010110100
10101111101010011001001011000011
11001011110000011110100010111110
11001011110000011110100010111110
11001011110000011110100010111111
11001011110000011110100011000000
01100111000000101110000000111100
00010001001010000010111001110101
10000101000011110011110010110100
00001001111110101000101010100001
11110110001000101111100100111001
10001000110010111101011010001011
10001000110010111101011010001011
10001000110010111101011010001100
10001000110010111101011010001101
10000100011000100001000011001111
01100111000000101110000000111100
01100111000000101110000000111100
01100111000000101110000000111101
01100111000000101110000000111110
01100111000000101110000000111111
10101111101010011001001011000011
01110001001011101110001011101010
10101111101010011001001011000011
00001001111110101000101010100001
01101010100100010101010010011000
00110001011001111111101011111000
10000100011000100001000011001111
01001110110110001110000100110101
10010010000001011000101110110011
10010010000001011000101110110011
10010010000001011000101110110100
01010110111101011010000011100010
01010110111101011010000011100010
01010110111101011010000011100011
00011011111011111111011110010010
10010110011100000111010100011111
00000000010111110010111110100011
00010001001010000010111001110101
00010001001010000010111001110101
00010001001010000010111001110110
01000000000101000101010111011101
11110000000111101011011001100011
01000010000011101010101010111010
01000010000011101010101010111010
01000010000011101010101010111011
01000010000011101010101010111100
01000010000011101010101010111101
10000100011000100001000011001111
10000100011000100001000011001111
10000100011000100001000011010000
10000100011000100001000011010001
11100111110110000101111011110011
11010000000001110101001011110110
11110000000111101011011001100011
11001010010001010011010101001001
11100111110110000101111011110011
00001001111110101000101010100001
01101010100100010101010010011000
10000100011000100001000011001111
00010101101011110101101110100101
00010101101011110101101110100101
00010101101011110101101110100110
00010101101011110101101110100111
11100101111101101001101111101101
01110001001011101110001011101010
11100111110110000101111011110011
00001001111110101000101010100001
00010011000110000100000010001011
01000000000101000101010111011101
01110001001011101110001011101010
10111101100111010000010001001001
01000000000101000101010111011101
11001010010001010011010101001001
10010110011100000111010100011111
00010111101011010001101110101000
01001110110110001110000100110101
01001110110110001110000100110101
01001110110110001110000100110110
01000111100011010101010010010100
10000011010110001110101000110010
10000011010110001110101000110010
10000011010110001110101000110011
10000011010110001110101000110100
10000011010110001110101000110010
00010111101011010001101110101000
10000011010110001110101000110010
11110110001000101111100100111001
00101111001111001010010001110110
10000011010110001110101000110010
10010110011100000111010100011111
10000011010110001110101000110010
10111101100111010000010001001001
10111101100111010000010001001001
10111101100111010000010001001010
10111101100111010000010001001011
10010010000001011000101110110011
00010110001110111101011011101011
00010110001110111101011011101011
00010110001110111101011011101100
00010110001110111101011011101101
00010110001110111101011011101110
01000111100011010101010010010100
10010010000001011000101110110011
11100101111101101001101111101101
01111100010000101000110001101110
01111100010000101000110001101110
01111100010000101000110001101111
11001011110000011110100010111110
10010010000001011000101110110011
10000100011000100001000011001111
10000100011000100001000011001111
10000100011000100001000011010000
10000100011000100001000011010001
10000100011000100001000011010010
10001000110010111101011010001011
01000010000011101010101010111010
11000101010101010010011001001000
11000101010101010010011001001000
11000101010101010010011001001001
11000101010101010010011001001010
01110001001011101110001011101010
01010110111101011010000011100010
00010111101011010001101110101000
01100111000000101110000000111100
01100111000000101110000000111100
01100111000000101110000000111101
01010110111101011010000011100010
01000111100011010101010010010100
01000111100011010101010010010100
01000111100011010101010010010101
01000111100011010101010010010110
01000111100011010101010010010111
00000000010111110010111110100011
00000000010111110010111110100011
00000000010111110010111110100100
00000000010111110010111110100101
00000000010111110010111110100011
10101111101010011001001011000011
01000000000101000101010111011101
00010011000110000100000010001011
10000101000011110011110010110100
