00000110011001100110111110100011
00101011010101101111011100001000
00100011001110000110100100011100
11010010100011000100000000111001
10110110100101011000010110101110
11001100110111000011100101101000
01110110001001100000011100000011
11100100111111101110100100010110
00100101010111001011110111000101
10010100101111000010111010010001
00110111101101000011000010010110
10011000000001001001010100100011
11001100111010100011011111011101
10001000001101111110001010001100
11100110011011111101001100101101
01010100111001000010000101111000
00000110111000010110111100000100
11110100001101100100011101011011
01010011100110010010011111011001
01111011010000011110111111110000
00011101111010111011011100010000
00000110110001100100000011111101
01110111010111001101010010011000
10100001111101010000101101100001
00111101000100111100001011000010
11000100100110101111101010100001
01100010000001001010000010111100
10001100011010111101100111111010
01000110001011010001100001101101
11000010100000011001101100101100
10110111110000101111100101011100
01001001011001011111101000101010
01100100110011100011100001000010
00001110000110001011101100011001
10000000010101011011001011111010
10010110000111101100101011001011
00001011000111001111001101011001
11001111011111000000000010001000
11000100011010000001010111101101
10000001000111101100001010100110
01101100000111011101101001000100
10000100001001111110101100001100
01011100101101011010110100001000
00000100110101011000100011101011
10110100001100010111010000111010
01011101111010110000101011010010
01011010101010110101011000101011
10000110011000011110010011010010
00101001100000101111110111111110
01100011010010101111001000010011
01000011110111000000001010001100
11011111011100101101011010111010
10000111111101000001110011101010
00111001111011011000001110110101
10110000011111101100100110111111
10100000100010110000010001101001
10111100011001100101111101010110
01000101000100001000010100111000
00111001100000111010001101010100
10011011010001100011000010111001
01011010111001111001010101110100
11100011100001110100010111101011
00001111100101111101100010010100
00110010010110011111110100110100
10111110001111111000001000000001
01111000010001100110110001110110
11101110101111101111101000001101
11011110001001110100110011010011
11100111001110000100111001011001
10101110111001011110011101101000
00010001111100100100111111110011
11111000001010110100010100100000
11110000100010011100010000111110
00111011111011101110101100011010
10111011011011101111000100100111
10111101101111100011110110100101
11001010101000001001111001001011
11101100110001111000111010100011
01001000010101011010001100010000
00110000011111101100111100010011
10011100100111010111001111100100
01111001100001111100100001100001
11111001001100101101101101010000
00010110001110011100000100111101
11100010101111111011110010101110
01110010110011101101110000111111
00001100111010000111010111111011
00101110111010110001110100110011
11101101001100010101111100101110
01011011110101110111111001001110
10000000110001001000010101000110
01011000110110110101111101111001
01100110101001010111011100010000
11010001110010010000011000101110
10001010110110100010001011010000
10001011000000010101111100001000
11110100001001001111001111100011
10001110011011011000001000100011
11010111011010100110010110011111
01111110100100011111000001100101
01100010000001001010000010111100
10000000010101011011001011111010
01101100000111011101101001000100
01110110001001100000011100000011
01010011100110010010011111011001
11100110011011111101001100101101
10110110100101011000010110101110
00101001100000101111110111111110
01101100000111011101101001000100
01010011100110010010011111011001
11100110011011111101001100101101
01011010101010110101011000101011
00111101000100111100001011000010
01100011010010101111001000010011
01000110001011010001100001101101
01111011010000011110111111110000
10110111110000101111100101011100
01000110001011010001100001101101
11000010100000011001101100101100
01100010000001001010000010111100
01011101111010110000101011010010
10000000010101011011001011111010
11001100110111000011100101101000
01101100000111011101101001000100
11001100111010100011011111011101
01110110001001100000011100000011
11000100100110101111101010100001
00001011000111001111001101011001
11001100111010100011011111011101
00100011001110000110100100011100
01100011010010101111001000010011
11000010100000011001101100101100
01101100000111011101101001000100
11001100110111000011100101101000
10010100101111000010111010010001
11100100111111101110100100010110
11100110011011111101001100101101
10001000001101111110001010001100
01100100110011100011100001000010
10000000010101011011001011111010
00111101000100111100001011000010
00011101111010111011011100010000
01100010000001001010000010111100
00000110011001100110111110100011
11000100100110101111101010100001
01110111010111001101010010011000
00101001100000101111110111111110
01011101111010110000101011010010
01111011010000011110111111110000
11001100110111000011100101101000
00101001100000101111110111111110
00001011000111001111001101011001
10001000001101111110001010001100
10001100011010111101100111111010
00000100110101011000100011101011
10110111110000101111100101011100
11010010100011000100000000111001
01001001011001011111101000101010
11010010100011000100000000111001
00000100110101011000100011101011
11001100111010100011011111011101
00000110111000010110111100000100
01110110001001100000011100000011
01110110001001100000011100000100
01110110001001100000011100000101
11000100100110101111101010100001
00000110111000010110111100000100
10001100011010111101100111111010
10000001000111101100001010100110
10000001000111101100001010100111
10000001000111101100001010101000
10000100001001111110101100001100
00111101000100111100001011000010
00011101111010111011011100010000
00001011000111001111001101011001
11000010100000011001101100101100
11001111011111000000000010001000
00011101111010111011011100010000
00000110011001100110111110100011
11000100100110101111101010100001
00000100110101011000100011101011
01110110001001100000011100000011
00101001100000101111110111111110
00101001100000101111110111111111
01001001011001011111101000101010
01101100000111011101101001000100
11001111011111000000000010001000
01010100111001000010000101111000
00111101000100111100001011000010
00001110000110001011101100011001
00111101000100111100001011000010
10000001000111101100001010100110
10011000000001001001010100100011
00000110011001100110111110100011
01010011100110010010011111011001
00000110011001100110111110100011
00100101010111001011110111000101
01100100110011100011100001000010
00000110111000010110111100000100
10110100001100010111010000111010
01100010000001001010000010111100
11000100100110101111101010100001
11000100100110101111101010100010
11100110011011111101001100101101
00000110011001100110111110100011
00111101000100111100001011000010
01100100110011100011100001000010
01001001011001011111101000101010
01111011010000011110111111110000
00100101010111001011110111000101
10010100101111000010111010010001
10010100101111000010111010010010
10010100101111000010111010010011
11001100110111000011100101101000
11001100110111000011100101101001
11001100110111000011100101101010
01011100101101011010110100001000
01011100101101011010110100001001
10000100001001111110101100001100
01110110001001100000011100000011
01100100110011100011100001000010
00100011001110000110100100011100
10000001000111101100001010100110
11001111011111000000000010001000
10110111110000101111100101011100
00000100110101011000100011101011
00001011000111001111001101011001
01100010000001001010000010111100
01100010000001001010000010111100
11001100111010100011011111011101
00001110000110001011101100011001
11010010100011000100000000111001
10000110011000011110010011010010
11100110011011111101001100101101
00000110110001100100000011111101
10010100101111000010111010010001
11000010100000011001101100101100
10100001111101010000101101100001
00100101010111001011110111000101
00000110111000010110111100000100
10011000000001001001010100100011
01100011010010101111001000010011
00111101000100111100001011000010
00000100110101011000100011101011
11001111011111000000000010001000
11001111011111000000000010001001
00000100110101011000100011101011
00000100110101011000100011101100
10010110000111101100101011001011
01011101111010110000101011010010
01100100110011100011100001000010
01110111010111001101010010011000
10001000001101111110001010001100
00000110111000010110111100000100
11010010100011000100000000111001
11010010100011000100000000111001
10010100101111000010111010010001
01110110001001100000011100000011
00000110011001100110111110100011
00111101000100111100001011000010
11100100111111101110100100010110
00000110011001100110111110100011
00100101010111001011110111000101
11001100111010100011011111011101
11100110011011111101001100101101
11100100111111101110100100010110
11001100111010100011011111011101
10001000001101111110001010001100
01010011100110010010011111011001
01110111010111001101010010011000
11001100111010100011011111011101
11001100110111000011100101101000
11001100110111000011100101101001
00000110111000010110111100000100
00000110011001100110111110100011
00000110011001100110111110100100
00100011001110000110100100011100
11001100111010100011011111011101
01010100111001000010000101111000
01010100111001000010000101111001
10010100101111000010111010010001
10001000001101111110001010001100
10011000000001001001010100100011
10010100101111000010111010010001
10010100101111000010111010010010
11100110011011111101001100101101
01010100111001000010000101111000
00000110011001100110111110100011
00100101010111001011110111000101
00100011001110000110100100011100
11001100111010100011011111011101
00111101000100111100001011000010
00111101000100111100001011000011
11110100001101100100011101011011
00110111101101000011000010010110
11100100111111101110100100010110
00101011010101101111011100001000
00100011001110000110100100011100
00101011010101101111011100001000
00100101010111001011110111000101
01111011010000011110111111110000
10110110100101011000010110101110
11110100001101100100011101011011
00000110011001100110111110100011
10100001111101010000101101100001
00100101010111001011110111000101
10011000000001001001010100100011
11100110011011111101001100101101
11001100110111000011100101101000
01010100111001000010000101111000
01110110001001100000011100000011
00000110011001100110111110100011
00000110110001100100000011111101
11110100001101100100011101011011
01010100111001000010000101111000
00110111101101000011000010010110
10011000000001001001010100100011
01110110001001100000011100000011
00000110111000010110111100000100
10100001111101010000101101100001
01010100111001000010000101111000
11100110011011111101001100101101
10001000001101111110001010001100
10001000001101111110001010001100
10001000001101111110001010001101
01010100111001000010000101111000
10011000000001001001010100100011
10100001111101010000101101100001
00111101000100111100001011000010
01110110001001100000011100000011
01010100111001000010000101111000
00100101010111001011110111000101
00101011010101101111011100001000
00101011010101101111011100001001
11100110011011111101001100101101
01010011100110010010011111011001
00000110111000010110111100000100
01110110001001100000011100000011
00011101111010111011011100010000
01110110001001100000011100000011
00111101000100111100001011000010
01010011100110010010011111011001
01010100111001000010000101111000
11100110011011111101001100101101
00011101111010111011011100010000
11001100111010100011011111011101
00110111101101000011000010010110
01010011100110010010011111011001
00100101010111001011110111000101
11010010100011000100000000111001
01010100111001000010000101111000
00000110111000010110111100000100
00111101000100111100001011000010
10010100101111000010111010010001
01010011100110010010011111011001
10010100101111000010111010010001
10010100101111000010111010010010
10010100101111000010111010010011
11100110011011111101001100101101
01111011010000011110111111110000
00000110110001100100000011111101
01111011010000011110111111110000
10010100101111000010111010010001
11110100001101100100011101011011
10100001111101010000101101100001
01010100111001000010000101111000
01010011100110010010011111011001
11110100001101100100011101011011
11110100001101100100011101011100
11110100001101100100011101011101
01010100111001000010000101111000
00000110110001100100000011111101
01111011010000011110111111110000
10010100101111000010111010010001
10010100101111000010111010010010
10010100101111000010111010010011
11100100111111101110100100010110
11100100111111101110100100010111
11100100111111101110100100011000
01111011010000011110111111110000
10010100101111000010111010010001
11100100111111101110100100010110
10110110100101011000010110101110
00000110011001100110111110100011
11001100110111000011100101101000
00000110111000010110111100000100
11110100001101100100011101011011
01110110001001100000011100000011
01110110001001100000011100000100
10001000001101111110001010001100
01111011010000011110111111110000
11001100110111000011100101101000
11001100110111000011100101101001
11001100110111000011100101101010
01110111010111001101010010011000
00000110011001100110111110100011
00000110011001100110111110100100
00000110011001100110111110100101
10110110100101011000010110101110
00100101010111001011110111000101
00100101010111001011110111000110
10110110100101011000010110101110
00101011010101101111011100001000
11110100001101100100011101011011
01110110001001100000011100000011
01110110001001100000011100000011
00100101010111001011110111000101
00000110110001100100000011111101
01110110001001100000011100000011
00100101010111001011110111000101
10110110100101011000010110101110
00000110011001100110111110100011
01111011010000011110111111110000
00111101000100111100001011000010
01110110001001100000011100000011
00111101000100111100001011000010
10001000001101111110001010001100
11110100001101100100011101011011
11001100111010100011011111011101
01010100111001000010000101111000
00101011010101101111011100001000
00011101111010111011011100010000
00101011010101101111011100001000
10001000001101111110001010001100
01010100111001000010000101111000
11100110011011111101001100101101
11001100111010100011011111011101
00000110011001100110111110100011
11110100001101100100011101011011
00000110111000010110111100000100
00000110111000010110111100000100
00000110011001100110111110100011
01010100111001000010000101111000
01110111010111001101010010011000
01110111010111001101010010011000
01010100111001000010000101111000
10011000000001001001010100100011
11001100111010100011011111011101
11110100001101100100011101011011
00000110111000010110111100000100
00100101010111001011110111000101
01110110001001100000011100000011
01110110001001100000011100000100
01110110001001100000011100000101
10001000001101111110001010001100
10001000001101111110001010001101
01110110001001100000011100000011
01110111010111001101010010011000
00100011001110000110100100011100
10011000000001001001010100100011
00011101111010111011011100010000
00110111101101000011000010010110
11110100001101100100011101011011
01010011100110010010011111011001
01110111010111001101010010011000
00000110110001100100000011111101
00000110110001100100000011111101
00000110110001100100000011111110
00000110110001100100000011111111
00000110110001100100000011111101
00000110110001100100000011111110
00100011001110000110100100011100
11100110011011111101001100101101
10110110100101011000010110101110
00011101111010111011011100010000
00100101010111001011110111000101
00100011001110000110100100011100
11110100001101100100011101011011
11110100001101100100011101011100
11001100111010100011011111011101
00110111101101000011000010010110
00110111101101000011000010010111
00110111101101000011000010011000
11001100110111000011100101101000
00111101000100111100001011000010
10110110100101011000010110101110
00111101000100111100001011000010
01111011010000011110111111110000
01111011010000011110111111110000
00110111101101000011000010010110
01010011100110010010011111011001
10010100101111000010111010010001
01010100111001000010000101111000
01010100111001000010000101111001
00111101000100111100001011000010
00011101111010111011011100010000
11100100111111101110100100010110
00100101010111001011110111000101
00100101010111001011110111000110
00000110110001100100000011111101
00000110110001100100000011111110
10001000001101111110001010001100
01010011100110010010011111011001
01010011100110010010011111011010
01010011100110010010011111011011
10011000000001001001010100100011
10011000000001001001010100100011
11100100111111101110100100010110
11100100111111101110100100010111
11001100111010100011011111011101
